-194.8708148973895
51.83514517222486
37.17267089023249
-394.27354180902717
-37.610701057160355
85.19709011833758
80.27617599695174
80.595517809575
91.55109275026331
78.46989097135608
92.64096156893292
92.065709304499
93.51737116377748
94.46080804172918
96.5139882960335
95.27409822037606
93.8684694577629
94.17115014807591
94.42923612856043
94.04625300650626
93.16189172960634
93.57355933898849
92.8327837615257
94.92107292009952
92.4710583462976
91.97954066024829
92.71203197159643
92.74130787835917
94.21230352483265
93.44886681476075
94.0610947169454
93.87974590693348
92.86617636107232
92.947055241143
90.48817456516116
87.94369428236757
85.71925382176886
90.3773379553544
91.09057985450745
95.67322998251933
95.77615220093597
92.01992862416876
94.13927747490743
93.8313586936493
90.65484616557302
88.6737953204601
90.33880897588182
88.75106480307046
86.06565476415335
89.18700030650126
88.93512817759238
85.74259428815498
87.43031917185711
86.94896982724673
89.01549650002956
90.13898114829632
91.17855214782479
86.50037531474526
86.71269147174904
92.55714799730208
92.69240382372335
95.1134849877295
93.69102120796315
93.2259310567056
94.91532357636372
95.45208207264658
94.58978193817504
96.15510936462739
94.39129088144071
94.27935990036605
95.52801753827936
94.14963883306976
95.46961768355419
95.21450668566749
94.12345486583403
94.76767723041218
95.19756225234597
93.79392725737866
95.02864799963496
89.0834160799106
93.28097928086578
91.72907300383535
95.00729694930337
93.67788091783937
95.05965673259306
94.22345011991258
94.85581240020653
94.3494392856492
94.84862060228065
94.92334348927704
93.9740783071286
94.84647638623292
94.56380197882812
94.19268001570909
94.24434306083228
93.896226072517
89.33507631646341
83.23868376555869
91.98486188660401
93.56129924100894
