-119.12135375955879
-335.42810156596465
-300.45195917980243
-32.31413879933746
-141.6770322110446
8.162975205712144
-581.9873479709731
-128.54729255269078
-570.0186169778747
-68.63499048720581
-306.2845863562783
-152.80442263591146
-114.69327221432411
0.4362692529522576
-528.0465340338546
58.47888290983386
44.776320992310794
3.282460024637146
-943.8362384414598
-481.5146225534115
-314.4784653906559
15.842763751908876
-410.1120533690413
-352.88416845101926
-15.783666224746142
-298.41680174552243
-21.075777511790136
-297.64610664580425
-218.89235932649785
-15.898833478050832
-47.528675485850286
-668.6333417104723
-8.394561115148733
-108.80299870185789
-80.89506924355307
22.523351947177318
-60.92058191336534
-50.36624686569516
37.60477035621328
-66.66736128652735
-88.41957588563577
2.734620936191334
-107.22185816003383
-565.7830633103582
-133.61247991027318
-593.8509219270372
-411.8455010726721
-16.854103929546298
-33.56284504538844
-66.5351840636917
-380.88042525416614
-486.766478279382
-119.04423661634175
0.8457708229884418
-72.17525022687926
-297.4005361170407
-333.15948630430944
-95.07269744305661
-230.87183987686512
-559.948241366537
-101.88742666886685
14.649577819842477
-94.12413126178691
-85.69147768135808
-655.3814997746564
-157.33935782461643
-70.28361321934054
-124.027475871139
-641.072590705459
-155.2926370214506
-615.1357655338462
-440.5261648230486
-556.4637890871329
-279.22790549660215
-285.4819310079514
-321.24320066523046
-130.0119922179773
-110.54000873795208
-1405.5174328786436
-429.428231149721
-0.2192891635465486
-520.3736913108639
-308.7860983590968
-223.62688971898555
-1367.0905785683465
-112.22026935161668
-212.89845744556976
-12.416344027662149
-110.21416364191188
-207.87768462948083
-213.17395347960627
-872.5685874421181
-525.769869127024
-715.621164048059
29.76818376462478
-88.31567922163553
-660.5746896670913
-290.1572616758344
-342.3876553241629
-25.04444623672117
-65.14479004225082
-65.13224581215152
-69.69099772322195
-274.2066271292749
-0.7587548905530213
-337.21879049212185
-176.91811939572156
-23.183884489435073
-484.9622022054606
-332.92132613048136
-309.14962914542537
-81.34205572425088
-2.973162914164945
-82.60198644070422
-44.25152696910034
-161.26407028744563
-533.6300533815366
-118.20788334773924
-80.51891756100525
-268.310757036577
-440.11582131227965
-365.87938277972125
-243.99971145268833
-62.097522970855366
-197.1468829507459
-379.8735807959591
-131.53619262975317
-317.883849244824
-1561.4577491416997
-694.7434629690991
-36.44759608398074
-259.5285447463747
-233.3746721910567
-137.99538524333718
37.857711768312484
-236.06427870912228
-6.855017792958122
-1714.6438655838876
54.50492023730405
-767.2615384311998
-296.40741842973875
-86.83871333969053
-280.5891473471304
-225.21401555884643
-546.3821330399996
-242.87956904726246
-229.81705944844967
-202.13043147637947
-404.0248249971693
-142.04937599132586
-125.26301663736794
-485.7416805558929
-242.3388742413385
-52.77965028718677
-330.94173102650257
-947.1894632173706
-75.471511194054
40.57952286020696
11.075218342821756
-191.5999964072063
-334.327271096726
-143.25841430479392
-48.63858365989218
6.918431799321098
-461.3404193935676
-826.6778592484923
-336.6974330500384
-65.05131472185292
15.366941108085044
-370.4461938529421
-468.19627141893204
-42.938630700493505
-79.51572413852554
-27.36894490169955
-1.845483664547828
-170.33390081401828
-450.5484230620383
-255.26008882612868
-492.78334495971956
13.703271135704753
-758.9448513801116
-80.97843802677963
-570.4887740559785
-395.85195101990894
1.5138696584823919
-302.87823849926684
0.3739498281127851
-557.848690747265
-147.00222669445645
-461.49332007177566
-319.8058049954438
-38.37917900888522
-141.918610088664
-211.19862062858718
-46.934972725541684
-20.227716804274067
40.97270501486548
-74.27351183287925
-246.47791102941085
-57.46846913101655
