4056
8000
7304
2430
4436
1755
12620
4146
12328
3093
7515
4620
3981
1828
11706
769
1036
1774
19201
10641
7624
1576
9337
8317
2134
7263
2270
7301
5839
2152
2704
14204
1998
3811
3325
1469
2949
2759
1194
2999
3453
1789
3798
12315
4281
12738
9426
2150
2520
3078
8796
10886
4063
1810
3177
7229
8055
3578
6135
12194
3692
1669
3607
3503
14037
4684
3126
4095
13727
4784
13040
10006
12137
6878
7035
7769
4192
3929
27865
9796
1831
11442
7568
5954
27237
3942
5776
2055
3895
5668
5784
17844
11410
14988
1312
3502
14184
7256
8182
2282
3092
3084
3113
6859
1909
8027
5150
2282
10747
7935
7545
3241
1862
3338
2735
4751
11725
3975
3352
6783
9920
8605
6371
3037
5638
8839
4286
7804
30496
14724
2484
6677
6099
4403
1154
6190
1975
33722
864
15859
7194
3326
6935
5924
11882
6434
6120
5546
9353
4456
4223
10614
6268
2829
7895
19411
3278
1039
1632
5392
8098
4507
2720
1707
10254
17130
7915
2992
1506
8595
10426
2677
3297
2344
1831
4961
10042
6557
10875
1601
15730
3333
12150
9246
1827
7303
1815
11969
4593
10295
7700
2567
4447
5683
2719
2226
1042
3237
6326
2932
